g=9.8;
M=0.6;  %子机质量600g
rou=1.21; %大气密度
A=pi*(0.1016/2)^2; %桨盘面积 桨盘直径10.16cm
L=0.19;  %轴距0.19m
T=M*g;
Cax=3.612; 
Z0=-1.1353;
Crad=24.936;




